18014 570407475 1477982146 7.252 3599790537 5283966206 13373 12186 1
4141 570407475 1477982164 5.038 5283966206 3199773658 12186 5854 1
7009 570407476 1477982191 16.271 3199773658 4534007627 5854 9843 1
8506 137131038 1477982203 23.650 1504213664 4118527515 955 12077 1
8027 409988941 1477982215 9.539 4118527515 4118527510 12077 11368 1
12113 409988941 1477982227 8.092 4118527510 5283966211 11368 3722 1
9652 409988941 1477982230 11.036 5283966211 5482836595 3722 109 1
11235 409988941 1477982242 9.606 5482836595 4118527511 109 2477 1
11236 546821256 1477982266 4.239 4118527530 4118527511 4904 2477 0
12952 546821256 1477982297 5.200 5283966327 4118527530 13575 4904 0
1249 570290356 1477982303 7.823 5283966327 5283966328 13575 1768 1
6203 570290356 1477982330 12.543 5283966328 5213252912 1768 8676 1
1105 570290356 1477982342 3.453 5213252912 1500638636 8676 1558 1
3706 188101386 1477982345 10.376 1500638636 3034408998 1558 5255 1
3274 188101386 1477982363 8.548 3034408998 1504232582 5255 4646 1
8227 188101386 1477982426 9.339 1504232582 1504230242 4646 11655 1
9989 188101386 1477982429 2.652 1504230242 4118527347 11655 626 1
3950 409988933 1477982433 7.823 4118527347 4118527343 626 5592 1
16683 409988935 1477982440 13.356 4118527343 5489098143 5592 10341 1
17018 137401464 1477982468 7.511 5489098143 5488366616 10341 10773 1
18340 137401464 1477982492 10.767 5488366616 1507363091 10773 12653 1
1728 137401464 1477982567 12.201 1507363091 1507327959 12653 2408 1
1729 459082504 1477982579 20.849 5489098148 1507327959 6988 2408 0
4947 459082504 1477982588 14.691 441187792 5489098148 45 6988 0
45 459082504 1477982609 2.455 5436627801 441187792 772 45 0
10095 459082504 1477982613 15.931 1072698542 5436627801 2383 772 0
1713 459082504 1477982654 10.027 4549993166 1072698542 2429 2383 0
5141 430296499 1477982739 8.807 4549993024 5500904119 2626 7250 1
15171 430296499 1477982742 5.968 5500904119 1159227452 7250 8184 1
9283 430296499 1477982766 3.857 1159227452 1159226736 8184 13178 1
4904 430296499 1477982832 9.108 5314457254 441187597 500 6922 1
3293 49480819 1477982847 7.884 441187597 5500904103 6922 4672 1
3887 49480819 1477982859 5.708 5500904103 628641738 4672 5498 1
