668 185080951 1478053449 5.155 5484804507 2039550414 3212 472 0
2095 576557647 1478053497 9.454 5484804507 5484804506 3212 1464 1
1809 576557647 1478053524 4.788 5484804506 5484804505 1464 1277 1
2930 576557647 1478053527 8.933 5484804505 5484804503 1277 2077 1
4699 576557647 1478053557 11.089 5484804503 1458550334 2077 3336 1
4698 132546474 1478053587 14.417 2039561244 1458550334 780 3336 0
1094 132546474 1478053599 11.300 2160900160 2039561244 1942 780 0
3308 132605068 1478053614 18.179 2160900160 5488539890 1942 2350 1
2495 132605068 1478053620 5.731 5488539890 5488539886 2350 1761 1
1363 132605110 1478053623 16.409 5488539886 1457862052 1761 969 1
2443 132605110 1478053636 7.354 1457862052 1457859162 969 1722 1
3441 132545544 1478053642 25.836 1457859162 1457858421 1722 2447 1
583 132545544 1478053644 11.436 1457858421 1458561796 2447 415 1
3380 132616054 0 -1 1458561796 5488539898 415 2402 1
2375 132616054 1478053663 13.905 5488539898 1458565268 2402 1674 1
3015 132616054 1478053668 7.412 1458565268 4437994406 1674 2141 1
1927 132616054 0 -1 4437994406 2041527405 2141 1353 1
537 132616054 1478053677 14.624 2041527405 2569540484 1353 384 1
4554 132616054 1478053683 6.828 2569540484 1458570056 384 3226 1
4599 132616709 1478053765 2.144 1458570056 1458570057 3226 3259 1
660 137401464 1478053795 4.305 1458570057 5484804457 3259 465 1
339 137401464 1478053840 0.145 5484804457 5489098143 465 252 1
1808 409988935 1478053939 11.443 5489098143 1947168661 252 1276 1
3808 184255152 1478053942 3.589 1947168661 1947138494 1276 2707 1
3807 184296325 1478054020 1.347 3541420737 1947138494 883 2707 0
3807 184296325 0 -1 3541420737 1947138494 883 2707 1
940 184255152 1478054227 2.856 1947138494 2041530108 2707 669 1
4421 184255152 1478054239 4.414 2041530108 288416379 669 3135 1
3502 184255152 1478054296 8.403 288416379 1159231411 3135 2490 1
2632 184255152 1478054329 2.093 1159231411 2276187313 2490 1857 1
218 170431999 1478054497 8.175 2276187313 1500638700 1857 165 1
3469 170431999 1478054512 9.275 1500638700 2653287868 165 2466 1
2001 170431999 1478054530 0.700 2653287868 1815741570 2466 1400 1
2590 170431999 1478054737 5.347 1815741570 1159232134 1400 1830 1
4410 170431999 1478054743 2.354 1159232134 1159488285 1830 3127 1
2156 170431999 1478054869 5.136 1159488285 5422574959 3127 1509 1
3317 280174785 1478054918 1.357 5422574959 1159490053 1509 2356 1
2221 100305882 1478055101 3.325 1159490053 1159488308 2356 1559 1
3436 100305871 1478055197 4.006 1159488308 1159488324 1559 2443 1
1749 100305871 0 -1 1159488324 1159234181 2443 1234 1
4612 562498369 0 -1 1159234181 1159232653 1234 3268 1
3748 100292792 0 -1 1159232653 5422574947 3268 2664 1
3862 100292792 1478055257 51.139 5422574947 5484553082 2664 2749 1
